r3m/al/almnmg 1 Li3AlMnMgO6.xsf 2.83626 2.83626 14.60705 90.0000 90.0000 120.0000 101.761704 -580.38083308
r3m/al/almnmg 2 Li2AlMnMgO6.xsf 2.95009 2.95009 12.65963 90.0000 90.0000 120.0000 95.416390 -565.72086506
r3m/al/almnmg 3 AlMnMgO6.xsf 3.33411 3.33411 9.28693 90.0000 90.0000 120.0000 89.404956 -536.38714352
r3m/al/almnni 1 Li3AlMnNiO6.xsf 2.80194 2.80194 14.24172 90.0000 90.0000 120.0000 96.830412 -798.14447599
r3m/al/almnni 2 Li2AlMnNiO6.xsf 2.80798 2.80798 14.14668 90.0000 90.0000 120.0000 96.599421 -783.56932178
r3m/al/almnni 3 AlMnNiO6.xsf 2.82679 2.82679 13.48147 90.0000 90.0000 120.0000 93.294338 -754.22515152
r3m/al/almnsc 1 Li3AlMnScO6.xsf 2.90517 2.90517 14.26036 90.0000 90.0000 120.0000 104.232701 -549.76192696
r3m/al/almnsc 2 Li2AlMnScO6.xsf 2.96130 2.96130 13.04597 90.0000 90.0000 120.0000 99.076829 -535.12751737
r3m/al/almnsc 3 AlMnScO6.xsf 3.45040 3.45040 8.40274 88.1496 91.8504 122.8727 83.962047 -505.82377388
r3m/al/alsczn 1 Li3AlScZnO6.xsf 2.94128 2.94128 14.48613 90.0000 90.0000 120.0000 108.531857 -799.82214136
r3m/al/alsczn 2 Li2AlScZnO6.xsf 2.97687 2.97687 13.68970 90.0000 90.0000 120.0000 105.061847 -785.08494562
r3m/al/alsczn 3 AlScZnO6.xsf 3.41802 3.41802 8.50870 90.0000 90.0000 120.0000 86.088247 -755.68276191
r3m/mn/mncrco 1 Li3MnCrCoO6.xsf 2.75520 2.75520 14.39953 90.0000 90.0000 120.0000 94.663792 -921.87927671
r3m/mn/mncrco 2 Li2MnCrCoO6.xsf 2.76064 2.76064 14.40373 90.0000 90.0000 120.0000 95.066054 -907.30041261
r3m/mn/mncrco 3 MnCrCoO6.xsf 2.75193 2.75193 14.62650 90.0000 90.0000 120.0000 95.928102 -878.11012851
r3m/mn/mncrni 1 Li3MnCrNiO6.xsf 2.76568 2.76568 14.50143 90.0000 90.0000 120.0000 96.060451 -966.61929321
r3m/mn/mncrni 2 Li2MnCrNiO6.xsf 2.76658 2.76658 14.43716 90.0000 90.0000 120.0000 95.697247 -952.04693061
r3m/mn/mncrni 3 MnCrNiO6.xsf 2.75338 2.75338 14.72625 90.0000 90.0000 120.0000 96.684159 -922.88063279
r3m/mn/mncuv 1 Li3MnCuVO6.xsf 2.81797 2.81797 14.53671 90.0000 90.0000 120.0000 99.969888 -996.68131407
r3m/mn/mncuv 2 Li2MnCuVO6.xsf 2.81778 2.81778 14.28422 90.0000 90.0000 120.0000 98.220209 -982.07678573
r3m/mn/mncuv 3 MnCuVO6.xsf 2.81362 2.81362 14.27484 90.0000 90.0000 120.0000 97.865959 -952.88992624
r3m/mn/mncuzn 1 Li3MnCuZnO6.xsf 2.87230 2.87230 14.46960 90.0000 90.0000 120.0000 103.382621 -1312.67079731
r3m/mn/mncuzn 2 Li2MnCuZnO6.xsf 2.88106 2.88106 13.67514 90.0000 90.0000 120.0000 98.303139 -1297.97108329
r3m/mn/mncuzn 3 MnCuZnO6.xsf 2.89200 2.89200 12.95068 90.0000 90.0000 120.0000 93.803636 -1268.69421651
r3m/mn/mntico 1 Li3MnTiCoO6.xsf 2.82339 2.82339 14.29062 90.0000 90.0000 120.0000 98.655943 -865.86715005
r3m/mn/mntico 2 Li2MnTiCoO6.xsf 2.84554 2.84554 14.14355 90.0000 90.0000 120.0000 99.178569 -851.30190008
r3m/mn/mntico 3 MnTiCoO6.xsf 2.85837 2.85837 14.27509 90.0000 90.0000 120.0000 101.005764 -822.13485935
r3m/mn/mnticr 1 Li3MnTiCrO6.xsf 2.79040 2.79040 14.63540 90.0000 90.0000 120.0000 98.689032 -743.08549858
r3m/mn/mnticr 2 Li2MnTiCrO6.xsf 2.82746 2.82746 14.40895 90.0000 90.0000 120.0000 99.759877 -728.54302092
r3m/mn/mnticr 3 MnTiCrO6.xsf 2.84667 2.84667 14.69459 90.0000 90.0000 120.0000 103.124906 -699.40321260
r3m/mn/mnticu 1 Li3MnTiCuO6.xsf 2.86993 2.86993 14.46781 90.0000 90.0000 120.0000 103.198938 -970.97007451
r3m/mn/mnticu 2 Li2MnTiCuO6.xsf 2.91760 2.91760 13.42545 90.0000 90.0000 120.0000 98.971598 -956.37677492
r3m/mn/mnticu 3 MnTiCuO6.xsf 2.89744 2.89744 14.14868 90.0000 90.0000 120.0000 102.866893 -927.20034175
r3m/mn/mntini 1 Li3MnTiNiO6.xsf 2.84119 2.84119 14.36635 90.0000 90.0000 120.0000 100.433068 -910.61099124
r3m/mn/mntini 2 Li2MnTiNiO6.xsf 2.85497 2.85497 14.16242 90.0000 90.0000 120.0000 99.970084 -896.05052656
r3m/mn/mntini 3 MnTiNiO6.xsf 2.86226 2.86226 14.33418 90.0000 90.0000 120.0000 101.700078 -866.90678901
r3m/mn/mntizn 1 Li3MnTiZnO6.xsf 2.89680 2.89680 14.71891 90.0000 90.0000 120.0000 106.965344 -1028.81813290
r3m/mn/mntizn 2 Li2MnTiZnO6.xsf 3.00470 3.00470 12.84872 90.0000 90.0000 120.0000 100.459892 -1014.19849169
r3m/mn/mntizn 3 MnTiZnO6.xsf 2.92365 2.92365 13.78111 90.0000 90.0000 120.0000 102.015297 -984.94766437
r3m/mn/mnznv 1 Li3MnZnVO6.xsf 2.84385 2.84385 14.71174 90.0000 90.0000 120.0000 103.040830 -1054.52366817
r3m/mn/mnznv 2 Li2MnZnVO6.xsf 2.84835 2.84835 14.16766 90.0000 90.0000 120.0000 99.544398 -1039.86648111
r3m/mn/mnznv 3 MnZnVO6.xsf 2.84235 2.84235 13.99591 90.0000 90.0000 120.0000 97.923383 -1010.63234999
          
          
          
          
          
          
          
          
          
          
          
          
          
          
          
          
          
          
          
          
          
          
          
          
          
          
          
          
          
          
          
          
          
          
          
          
          
          
          
          
          
          
          
          
          
          
          
          
          
          
          
          
          
